0 1080 951 840 715 642 840 934 890 783 750 641 611 804 836 779 714 694 608 573 712 739 695 663 644 568 563 669 669 646
1 91 94 63 58 79 70 66 80 80 66 66 75 69 68 74 73 66 68 71 67 67 69 68 65 66 67 65 65 65
4 34 6 11 14 23 25 11 11 7 20 21 15 9 7 17 19 17 9 8 14 18 17 10 8 12 17 17 11 8
5 16 19 16 17 16 15 16 18 16 18 16 17 16 17 16 17 16 17 16 17 17 17 17 17 17 17 17 17 17
6 14 11 14 11 10 10 10 10 10 9 9 10 10 10 10 9 9 9 9 9 9 8 8 8 8 8 8 8 8
10 2 19 13 20 7 18 11 12 13 12 13 11 14 12 11 12 12 13 11 12 12 12 12 12 12 12 12 12 12
11 33 26 25 24 21 19 12 20 20 18 18 17 15 15 13 13 13 13 13 13 13 12 12 12 12 12 12 12 12
13 22 23 17 18 20 22 16 23 20 17 21 21 19 19 23 19 17 22 20 18 20 22 18 19 22 20 18 21 21
15 23 22 21 21 21 20 20 20 20 20 19 19 19 19 18 18 18 18 18 18 17 17 17 17 17 16 16 16 16
18 6 5 6 5 5 5 5 5 5 5 5 5 5 4 4 4 4 4 4 4 4 4 4 4 4 4 4 4 4
19 7 0 1 15 13 4 0 11 14 8 2 4 10 11 3 4 9 10 5 2 6 8 7 3 2 6 8 5 2
21 34 22 24 30 29 28 29 27 28 28 28 28 28 28 28 28 28 28 28 28 28 28 28 28 28 28 28 28 28
22 29 13 22 11 20 13 18 15 17 13 15 14 16 14 15 13 15 13 15 14 14 14 14 14 14 14 14 14 14
24 12 11 12 9 9 9 11 10 10 10 9 9 9 9 8 8 8 8 8 8 8 7 7 7 7 7 7 6 6
25 10 8 6 6 9 9 7 6 8 8 8 6 7 8 8 7 7 8 8 7 7 7 8 7 8 7 8 8 8
38 32 12 22 12 17 18 17 22 15 19 16 18 19 18 20 17 19 17 18 18 18 19 18 18 18 18 18 18 18
39 38 30 29 33 40 49 35 29 34 42 44 35 35 32 40 46 42 32 29 38 46 45 37 30 33 42 48 41 31
43 43 29 37 40 44 31 39 39 39 36 39 38 38 38 38 38 38 38 38 38 38 38 38 38 38 38 38 38 38
45 4 7 10 9 9 8 6 6 6 8 8 8 7 6 6 6 6 6 6 6 5 5 5 5 5 5 5 5 5
47 14 12 12 11 16 21 14 15 14 15 14 15 15 14 14 14 14 13 13 13 13 13 13 12 12 12 12 12 12
50 31 28 15 11 11 16 15 18 12 9 10 9 8 8 14 13 8 6 6 8 7 9 7 5 5 5 5 5 7
52 6 8 7 7 6 7 7 7 6 7 7 7 6 6 6 6 6 6 6 6 6 6 6 6 6 6 6 6 6
57 38 27 29 23 24 31 29 32 28 26 28 24 28 31 27 29 27 26 28 26 29 28 27 29 27 27 28 27 28
73 5 3 2 4 4 5 4 4 4 4 4 4 3 4 3 4 4 4 4 4 4 4 4 4 4 4 4 4 4
75 5 5 6 5 6 6 4 4 4 4 5 4 4 6 4 4 4 4 4 4 3 4 3 3 3 3 3 3 3
76 14 13 14 14 13 13 14 14 14 13 13 14 14 13 13 14 14 13 13 14 14 13 13 14 14 13 13 14 14
77 27 17 12 13 15 25 17 16 19 18 17 13 19 22 21 17 15 15 16 20 17 17 17 17 17 15 18 19 19
82 16 15 15 14 12 13 12 14 12 11 11 13 11 13 13 13 13 13 12 12 12 12 12 12 12 12 12 12 12
84 11 9 8 7 6 8 7 10 5 5 6 6 6 7 7 6 6 5 5 5 5 6 4 4 4 4 4 4 4
87 11 12 11 15 10 11 12 12 9 12 13 12 11 12 13 12 10 12 13 11 10 12 13 11 11 13 13 11 11
88 28 22 17 26 20 18 27 21 18 26 20 19 27 21 21 26 21 21 25 22 23 26 22 23 26 22 24 26 23
89 6 5 4 5 4 4 5 4 5 4 4 4 4 4 4 4 4 4 4 4 4 4 4 4 4 4 4 4 4
104 18 14 16 16 7 13 17 11 14 16 8 9 15 11 10 16 11 8 13 12 8 13 13 8 11 12 8 11 13
105 28 25 27 30 31 29 28 28 30 32 31 30 31 31 32 33 33 33 33 34 35 35 35 35 36 37 37 37 37
107 5 6 4 5 5 4 4 4 4 4 4 3 4 5 4 4 4 4 4 4 4 4 4 4 3 3 3 3 3
109 9 6 11 6 7 8 9 8 7 8 7 7 8 7 7 7 8 7 7 7 7 7 7 7 7 7 7 7 7
121 6 7 6 6 7 7 6 6 6 6 6 6 6 6 6 6 6 6 5 5 5 5 5 5 5 5 5 5 5
122 6 2 1 2 1 1 2 2 2 1 2 2 1 2 2 2 2 2 2 2 2 2 2 2 2 2 2 2 2
125 9 7 8 9 8 8 9 7 8 8 8 8 8 8 8 8 8 8 7 8 8 7 8 7 7 7 7 7 7
129 18 16 24 19 17 18 20 16 19 20 17 17 21 19 17 19 19 18 18 19 18 18 19 18 18 19 19 18 18
136 9 9 8 8 8 8 9 9 8 8 8 8 8 8 8 8 8 8 8 8 8 8 8 8 8 8 8 8 8
138 7 9 10 9 10 11 17 15 12 9 10 11 9 10 10 11 11 11 11 11 13 12 11 10 11 11 10 11 11
139 10 6 8 8 6 8 7 6 7 6 6 7 6 6 6 5 6 6 5 5 5 5 5 5 5 5 5 5 4
150 18 13 10 12 13 16 18 16 13 11 11 14 16 19 16 13 11 11 14 17 18 16 13 11 12 14 17 18 16
153 15 11 10 10 11 9 10 11 10 10 10 10 10 10 10 10 10 10 10 10 10 10 10 10 10 10 10 10 10
156 2 1 1 1 1 1 1 1 1 0 1 1 1 1 1 1 1 1 1 1 1 1 1 1 1 1 1 1 1
158 19 17 19 21 14 25 18 21 20 22 16 16 22 24 21 19 21 20 19 22 21 21 21 21 20 19 22 22 21
163 2 2 2 2 2 2 2 2 2 2 1 2 1 2 1 1 1 1 1 1 1 1 1 1 1 1 1 1 1
167 8 7 7 7 6 7 8 6 6 6 6 7 6 6 7 7 6 7 6 6 7 6 6 6 6 6 6 6 6
170 8 0 3 1 0 1 0 4 0 1 0 0 0 0 1 0 0 0 0 0 0 0 0 0 0 0 0 0 0
181 8 9 9 9 8 9 8 8 8 9 9 8 8 9 9 8 8 9 9 8 8 8 9 8 8 8 9 8 8
196 6 6 5 6 4 3 6 8 5 5 4 4 4 5 6 5 4 5 4 4 5 6 5 4 4 4 4 4 5
216 20 20 18 13 16 11 14 14 15 16 15 16 16 14 14 15 16 16 18 16 15 13 13 14 15 16 17 16 16
223 3 3 3 3 3 3 3 3 3 3 3 3 3 3 2 2 2 2 2 2 2 2 2 2 2 2 2 2 2
235 12 14 11 6 9 9 12 14 13 11 8 8 9 12 13 13 11 8 8 9 12 13 13 11 9 8 9 12 13
237 11 9 10 10 8 10 9 10 10 9 11 9 10 11 9 11 10 10 11 9 11 10 10 11 9 11 10 10 11
238 15 13 14 11 13 16 15 14 14 13 13 15 13 15 14 14 14 13 14 15 15 14 14 14 14 14 14 14 14
263 4 3 3 2 2 2 2 1 2 1 2 1 1 1 1 1 1 1 1 1 1 1 1 1 1 1 1 1 1
274 7 2 8 1 7 1 6 1 5 0 6 0 6 0 6 0 6 0 6 0 6 0 6 0 6 0 6 0 7
276 7 6 5 4 5 7 6 5 6 6 5 5 6 6 6 5 6 6 5 6 6 6 5 5 6 6 6 5 6
278 4 4 3 3 4 4 3 4 4 4 4 4 4 4 4 4 4 4 4 4 4 4 4 4 4 4 4 4 4
290 3 4 4 4 4 4 3 4 4 4 4 3 3 3 3 3 3 3 3 3 3 3 3 3 3 3 3 3 3
296 14 14 15 11 16 19 12 14 15 16 16 16 15 16 16 16 17 18 17 16 18 18 18 18 19 19 19 20 20
307 7 7 6 7 6 7 8 8 7 7 5 5 6 7 6 6 6 6 6 6 6 6 6 6 5 6 6 6 6
330 6 7 6 4 4 7 8 7 4 4 6 7 7 6 6 6 6 6 5 6 6 6 6 6 6 6 6 6 6
333 1 3 4 0 2 2 1 1 2 3 1 1 1 1 1 1 2 1 1 1 1 1 1 1 1 1 1 1 1
338 11 8 9 13 13 11 9 9 11 11 11 10 10 10 11 11 10 10 10 11 11 11 10 10 11 10 10 10 10
341 2 5 4 1 4 4 2 3 5 2 3 4 2 2 4 2 2 4 3 1 4 3 1 4 3 1 3 3 1
343 6 7 7 6 7 7 6 6 7 7 6 7 7 7 7 7 7 7 7 7 7 7 7 7 7 7 7 7 7
361 4 4 4 4 5 5 5 6 6 6 6 6 6 5 6 6 6 6 6 6 6 6 6 6 6 6 6 6 6
372 2 3 3 3 3 3 3 3 3 3 3 3 3 3 3 3 3 3 3 3 3 3 3 3 3 3 3 3 3
378 3 3 3 3 4 4 4 3 3 4 4 4 3 3 4 4 4 3 3 3 4 4 4 3 3 4 4 4 3
384 3 3 3 2 3 4 3 3 3 3 3 3 3 3 3 3 3 3 3 3 3 3 3 3 3 3 3 3 3
415 4 3 4 4 3 3 2 3 3 3 3 3 3 3 3 3 3 3 3 3 3 3 3 3 3 3 3 3 3
430 4 5 5 5 5 5 5 5 5 5 5 5 5 5 5 5 5 5 5 5 5 5 5 5 5 5 5 5 5
431 4 4 4 4 5 4 4 5 4 5 5 4 5 5 4 5 4 4 5 4 4 5 4 5 5 4 5 4 4
442 7 6 6 7 7 7 7 6 7 7 7 7 6 6 7 7 7 7 7 7 7 7 7 7 7 7 7 7 7
455 1 1 1 1 1 1 1 0 1 1 1 1 0 0 1 0 1 1 0 1 1 0 1 0 0 1 0 0 1
475 3 3 3 3 2 4 2 4 2 4 3 3 3 3 3 3 3 3 3 3 3 3 3 3 3 3 3 3 3
486 8 7 12 7 9 11 7 10 11 6 11 10 5 12 10 6 13 8 7 13 7 8 13 6 9 13 5 10 12
499 2 2 1 2 1 2 2 2 2 2 2 2 2 1 2 2 2 2 2 2 1 1 1 1 1 1 1 1 1
506 2 3 3 4 2 4 2 3 3 4 3 2 3 3 3 3 3 3 3 3 3 3 3 3 3 3 3 3 3
511 2 2 1 1 2 2 2 2 1 2 2 2 2 2 2 2 2 2 2 2 2 2 2 2 2 2 2 2 2
515 3 2 4 2 4 3 4 4 3 4 3 4 3 4 4 3 4 3 4 4 4 4 3 4 3 4 4 4 4
538 3 3 4 2 2 4 2 3 3 2 3 2 4 3 3 3 3 3 3 3 3 3 3 3 3 3 3 3 3
596 6 2 4 3 3 4 3 4 3 3 3 3 3 4 3 3 3 2 4 3 3 4 3 3 3 3 3 3 3
610 1 1 1 0 0 2 1 0 1 1 0 1 1 0 1 1 0 1 1 0 1 1 0 0 1 0 0 1 0
650 5 5 5 5 4 5 4 3 5 5 4 4 5 4 5 4 4 5 4 5 4 5 4 4 5 4 5 4 5
661 4 5 6 4 5 6 5 5 5 5 6 7 5 6 6 5 6 6 5 6 7 5 6 7 6 6 7 6 6
669 1 1 1 1 1 1 1 1 1 1 1 1 1 1 1 1 1 1 1 1 1 1 1 1 1 1 1 1 1
672 1 3 2 1 0 0 2 2 2 1 0 1 2 2 1 0 0 1 2 2 1 0 1 2 2 2 1 0 1
716 2 1 1 2 1 1 2 2 1 1 2 1 1 1 1 1 1 1 1 1 1 1 1 1 1 1 1 1 1
720 3 4 4 3 3 4 4 3 3 4 4 4 3 3 4 4 3 3 4 4 3 3 4 4 4 3 4 4 4
801 3 2 2 3 2 2 2 3 3 2 3 3 3 2 3 3 3 2 2 3 3 3 2 3 3 2 2 2 3
829 0 1 1 1 1 1 1 1 1 1 1 1 1 1 1 1 1 1 1 1 1 1 1 1 1 1 1 1 1
848 1 0 0 0 3 3 3 1 0 0 3 5 6 3 1 1 1 4 6 5 2 0 0 2 5 6 3 1 0
865 1 4 6 7 3 3 5 8 5 1 4 9 7 3 2 5 8 6 2 2 6 8 5 1 2 6 8 3 0
922 4 3 2 3 3 4 3 3 3 3 3 3 3 3 3 3 3 3 3 3 3 3 3 3 3 3 3 3 3
949 1 1 0 0 1 1 1 0 0 1 1 1 1 0 1 1 1 1 1 1 1 1 1 1 1 1 1 1 1
962 0 0 0 0 0 0 0 0 0 0 0 0 0 0 0 0 0 0 0 0 0 0 0 0 0 0 0 0 0
964 2 2 3 2 2 3 3 2 2 2 2 2 3 3 2 2 2 2 2 2 2 2 2 2 2 2 2 2 2
